nfft64_class0: c:\Anaconda\lib\site-packages\torchaudio\functional\functional.py:539: UserWarning: At least one mel filterbank has all zero values. The value for `n_mels` (128) may be set too high. Or, the value for `n_freqs` (33) may be set too low.
  warnings.warn(
(1.5209074020385742, -0.4790925979614258, -0.10785150527954102, -0.4790925979614258)
nfft64_class1: (1.5209074020385742, -0.4790925979614258, -0.10785150527954102, -0.4790925979614258)
nfft64_class2: (1.5209074020385742, -0.4790925979614258, -0.10785150527954102, -0.4790925979614258)
nfft128_class0: c:\Anaconda\lib\site-packages\torchaudio\functional\functional.py:539: UserWarning: At least one mel filterbank has all zero values. The value for `n_mels` (128) may be set too high. Or, the value for `n_freqs` (65) may be set too low.
  warnings.warn(
(1.6858515739440918, 0.30027496814727783, 0.2612428367137909, -0.3141484260559082)
nfft128_class1: (1.6858515739440918, 0.30027496814727783, 0.2612428367137909, -0.3141484260559082)
nfft128_class2: (1.6858515739440918, 0.30027496814727783, 0.2612428367137909, -0.3141484260559082)
nfft256_class0: (1.8153815269470215, 0.5574120879173279, 0.573320746421814, -0.18461847305297852)
c:\Anaconda\lib\site-packages\torchaudio\functional\functional.py:539: UserWarning: At least one mel filterbank has all zero values. The value for `n_mels` (128) may be set too high. Or, the value for `n_freqs` (129) may be set too low.
  warnings.warn(
nfft256_class1: (1.8153815269470215, 0.5574120879173279, 0.573320746421814, -0.18461847305297852)
nfft256_class2: (1.8153815269470215, 0.5574120879173279, 0.573320746421814, -0.18461847305297852)
nfft512_class0: (1.9476600885391235, 0.7389328479766846, 0.778113603591919, -0.052339911460876465)
nfft512_class1: (1.9476600885391235, 0.7389328479766846, 0.778113603591919, -0.052339911460876465)
nfft512_class2: (1.9476600885391235, 0.7389328479766846, 0.778113603591919, -0.052339911460876465)
nfft1024_class0: (2.0861215591430664, 0.9047068953514099, 0.945558488368988, 0.10746240615844727)
nfft1024_class1: (2.0861215591430664, 0.9047068953514099, 0.945558488368988, 0.10746240615844727)
nfft1024_class2: (2.0861215591430664, 0.9047068953514099, 0.945558488368988, 0.10746240615844727)